356
477
259
950
804
924
623
387
563
493
304
896
159
847
489
560
626
861
944
527
929
857
350
957
600
719
913
585
174
820
127
948
986
277
269
955
304
937
646
567
269
59
844
152
918
932
347
390
787
733
930
99
325
195
146
462
205
101
289
85
17
414
843
770
277
387
557
487
840
140
958
649
713
856
346
57
32
642
834
848
885
258
349
905
404
788
414
964
211
424
721
39
20
19
447
159
843
250
562
193
11
641
408
302
498
969
611
36
718
825
436
695
829
907
283
41
464
832
563
134
30
111
34
383
347
930
946
374
182
71
172
587
470
534
801
648
265
259
635
528
670
928
190
911
59
836
16
750
880
856
283
297
991
383
707
509
537
710
309
521
667
497
14
389
561
30
252
829
66
445
